0001 00008 1| |  2.31750494|  2.23184345|  -16.3|   -9.0| 68| 73| 1.7| 1.8|1958.89|1951.94| 4|1.0|1.0|0.9|1.0|12.146|0.158|12.146|0.223|999| |         |  2.31754222|  2.23186444|1.67|1.54| 88.0|100.8| |-0.2
0001 00013 1| |  1.12558209|  2.26739400|   27.7|   -0.5|  9| 12| 1.2| 1.2|1990.76|1989.25| 8|1.0|0.8|1.0|0.7|10.488|0.038| 8.670|0.015|999|T|         |  1.12551889|  2.26739556|1.81|1.52|  9.3| 12.7| |-0.2
0001 00016 1| |  1.05686490|  1.89782870|  -25.9|  -44.4| 85| 99| 2.1| 2.4|1959.29|1945.16| 3|0.4|0.5|0.4|0.5|12.921|0.335|12.100|0.243|999| |         |  1.05692417|  1.89793306|1.81|1.54|108.5|150.2| |-0.1
0001 00017 1|P|  0.05059802|  1.77144349|   32.1|  -20.7| 21| 31| 1.6| 1.6|1989.29|1985.38| 5|1.4|0.6|1.4|0.6|11.318|0.070|10.521|0.051| 18|T|         |  0.05086583|  1.77151389|1.78|1.55| 30.0| 45.6|D|-0.2
0001 00017 2|P|  0.05059802|  1.77144349|   32.1|  -20.7| 21| 31| 1.6| 1.6|1989.29|1985.38| 5|1.4|0.6|1.4|0.6|10.772|0.048|10.093|0.038| 18| |         |  0.05037611|  1.77148194|1.78|1.57| 21.4| 32.6|D|-0.2
0001 00020 1| |  0.37220148|  2.48018803|    9.3|  -58.8| 55| 75| 1.8| 1.9|1977.81|1963.27| 3|0.7|0.6|0.7|0.6|12.193|0.171|11.398|0.116|999| |         |  0.37218056|  2.48032750|1.80|1.46| 60.2| 92.5| |-0.2
0001 00022 1| |  1.02766471|  1.45849152|   37.5|  -10.6| 56| 47| 1.8| 1.8|1970.15|1971.05| 4|1.8|1.5|1.8|1.6|12.682|0.287|12.289|0.256|999| |         |  1.02753611|  1.45858139|1.77|1.51|101.4|144.6| |-0.1
0001 00024 1| |  0.77431739|  1.71059531|   34.3|   22.3| 73| 88| 2.0| 2.2|1968.13|1954.57| 3|1.4|0.1|1.4|0.1|12.537|0.258|11.697|0.171|999| |         |  0.77423861|  1.71054306|1.75|1.55| 85.8|119.3| |-0.1
0001 00036 1| |  0.29838646|  1.92361761|  200.1| -211.7| 46| 60| 1.4| 1.5|1976.19|1962.33| 4|1.3|0.2|1.4|0.3|11.672|0.082|11.648|0.148|999| |         |  0.29793111|  1.92411389|1.81|1.56| 51.3| 74.5| |-0.2
0001 00039 1| |  2.37141849|  2.30400355|   13.5|  -13.5| 12| 13| 1.3| 1.2|1990.18|1989.01| 8|0.6|0.5|0.6|0.4| 9.510|0.022| 9.387|0.023|999|T|         |  2.37138667|  2.30403444|1.70|1.57| 11.6| 13.7| |-0.1
0001 00041 1|X|            |            |       |       |   |   |    |    |       |       |  |   |   |   |   |13.035|0.320|12.235|0.220|999| |         |  1.80874194|  2.31573611|1.75|1.77|112.2|148.2| | 0.0
0001 00049 1| |  1.08234017|  2.12262034|   22.6|   -4.5|108|132| 2.8| 3.2|1965.60|1949.83| 2|   |   |   |   |12.672|0.331|12.205|0.281|999| |         |  1.08228861|  2.12263111|1.81|1.52|131.3|188.7| |-0.1
0001 00054 1| |  0.87806836|  2.31596792|  -21.1|  -18.3| 46| 43| 1.8| 1.9|1976.32|1973.55| 4|0.6|0.8|0.7|0.8|12.197|0.186|11.442|0.131|999| |         |  0.87812806|  2.31603861|1.82|1.53| 70.1|104.3| |-0.2
0001 00055 1| |  2.46593506|  2.04847203|   10.5|  -19.6| 71| 79| 1.9| 2.0|1969.12|1961.22| 3|1.3|0.6|1.3|0.6|12.405|0.217|11.638|0.149|999| |         |  2.46591139|  2.04851833|1.69|1.52| 83.2| 99.6| |-0.1
0001 00058 1| |  1.26466582|  1.03770719|  110.2|  -49.6|  9| 11| 0.9| 1.0|1989.77|1988.59|11|0.8|0.8|0.8|0.7| 9.713|0.023| 8.907|0.016|999|T|   416   |  1.26441528|  1.03782167|1.83|1.65|  8.6| 12.3| |-0.1
0001 00062 1| |  1.95585301|  2.06028787|  -10.8|  -16.6| 78| 91| 2.0| 2.2|1964.47|1951.70| 3|1.3|0.6|1.3|0.6|12.719|0.255|12.523|0.250|999| |         |  1.95587722|  2.06032639|1.74|1.61| 94.9|127.3| | 0.0
0001 00075 1| |  1.86420843|  2.08421601|   -9.0|  -14.0| 92|105| 2.2| 2.7|1952.87|1938.42| 3|0.1|0.1|0.1|0.1|12.910|0.271|12.498|0.232|999| |         |  1.86422889|  2.08424861|1.75|1.61|127.4|176.5| |-0.1
0001 00083 1| |  1.66774607|  2.10532297|   12.1|  -16.8| 32| 43| 1.7| 1.7|1986.97|1982.25| 3|0.5|0.4|0.5|0.4|12.077|0.125|10.523|0.045|999|T|         |  1.66771833|  2.10536194|1.80|1.67| 32.9| 46.0| |-0.2
0001 00092 1| |  2.46125240|  0.27934674|   10.8|   -3.6| 93|111| 2.4| 2.5|1969.89|1958.13| 2|   |   |   |   |12.485|0.241|12.555|0.293|999| |         |  2.46122750|  0.27935500|1.76|1.56|105.6|139.4| |-0.1
0001 00098 1| |  0.87489081|  1.74911488|   19.3|  -13.5| 39| 48| 1.8| 1.9|1976.75|1972.05| 4|0.8|0.5|0.8|0.5|12.013|0.146|11.491|0.140|999| |         |  0.87486167|  1.74914333|1.78|1.53| 73.5|107.2| |-0.2
0001 00100 1| |  2.37050701|  0.33083854|   11.7|    2.8| 87|107| 2.4| 2.5|1973.61|1961.93| 2|   |   |   |   |13.560|0.459|11.647|0.154|999| |         |  2.37048000|  0.33083194|1.77|1.57| 96.8|129.5| |-0.1
0001 00111 1| |  1.88645284|  2.14256997|  -17.2|   -0.4| 57| 72| 1.8| 1.9|1977.03|1966.41| 3|0.2|1.4|0.2|1.4|12.282|0.174|11.656|0.138|999| |         |  1.88649194|  2.14257083|1.75|1.64| 63.3| 87.2| |-0.1
0001 00145 1| |  0.25850430|  0.81769248|  -15.7|  -10.2| 40| 38| 1.3| 1.4|1975.08|1971.42| 5|0.8|1.5|0.8|1.5|11.995|0.119|11.766|0.162|999| |         |  0.25853056|  0.81772611|1.89|1.62| 56.3| 89.7| |-0.2
0001 00150 1| |  0.13485371|  1.95565839|   22.3|   -4.2| 30| 33| 1.6| 1.6|1983.76|1978.82| 4|1.2|0.8|1.1|0.8|11.735|0.086|10.666|0.059|999|T|         |  0.13480861|  1.95566389|1.79|1.55| 36.5| 53.6| |-0.1
0001 00154 1| |  0.86925854|  0.74952864|    9.4|  -23.3| 80|109| 2.6| 2.8|1977.54|1963.50| 2|   |   |   |   |12.692|0.285|12.021|0.217|999| |         |  0.86923694|  0.74958278|1.90|1.62| 87.6|134.1| |-0.1
0001 00156 1| |  2.08000046|  2.48811451|    3.6|   -6.8| 98|113| 2.8| 2.9|1971.62|1962.79| 2|   |   |   |   |13.536|0.405|12.222|0.216|999| |         |  2.07999167|  2.48813056|1.72|1.61|112.6|140.5| |-0.1
0001 00162 1| |  0.19713836|  2.38490424|   57.8|  -21.2| 13| 16| 1.2| 1.2|1989.79|1987.44| 8|0.9|0.9|1.0|0.9|10.024|0.028| 9.550|0.025|999|T|         |  0.19700639|  2.38495306|1.78|1.56| 13.0| 18.1| |-0.1
0001 00166 1| |  1.47364176|  0.54300902|   48.7|  -12.9| 56| 77| 1.7| 1.8|1976.45|1960.73| 3|1.1|0.9|1.1|0.9|12.391|0.188|11.715|0.140|999| |         |  1.47353167|  0.54304028|1.85|1.61| 61.7| 95.9| |-0.2
0001 00168 1| |  0.42320902|  1.80690049|  -18.1|  -25.2| 44| 40| 1.9| 1.9|1975.67|1974.27| 4|1.5|0.4|1.5|0.4|12.364|0.211|11.930|0.203|731| |         |  0.42322472|  1.80697306|1.80|1.53| 79.5|116.6| |-0.2
0001 00186 1| |  2.01140112|  2.44455662|   12.6|   -2.0| 37| 34| 1.6| 1.6|1982.78|1978.63| 4|1.8|0.7|1.8|0.7|11.715|0.085|10.982|0.071|999|T|         |  2.01136139|  2.44457139|1.75|1.62| 43.1| 56.2| |-0.1
0001 00193 1| |  2.32853223|  2.46247623|   43.9|  -19.4| 47| 46| 1.5| 1.5|1971.05|1968.62| 5|1.2|0.2|1.2|0.2|11.711|0.096|11.176|0.105|999|T|         |  2.32841694|  2.46252389|1.74|1.57| 70.5| 81.1| |-0.2
0001 00194 1| |  0.02665624|  1.33195260|  -14.1|    1.2| 13| 18| 1.0| 1.0|1988.51|1985.54|10|0.5|0.8|0.4|0.9|10.565|0.039| 9.468|0.022|999|T|         |  0.02668778|  1.33195028|1.83|1.55| 13.7| 20.4| |-0.1
0001 00197 1| |  1.23258141|  0.21972087|    6.9|    7.0| 51| 70| 1.6| 1.7|1978.39|1964.61| 3|2.6|2.3|2.5|2.3|11.951|0.110|11.631|0.132|999|T|         |  1.23256556|  0.21970361|1.88|1.60| 54.5| 83.3| |-0.1
0001 00201 1| |  0.60464993|  1.52114988|  -43.9|  -19.1| 68| 88| 1.9| 2.2|1970.88|1954.54| 3|0.5|3.5|0.5|3.5|12.623|0.259|11.784|0.184|999| |         |  0.60475083|  1.52119500|1.75|1.49| 79.2|118.6| |-0.1
0001 00206 1| |  1.34144209|  2.47133836|    6.1|  -34.5| 45| 37| 1.5| 1.5|1974.14|1973.39| 5|0.3|1.2|0.3|1.2|12.055|0.138|11.411|0.108|999| |         |  1.34143167|  2.47138472|1.71|1.51| 60.1| 80.3| |-0.2
0001 00208 1| |  1.29242145|  2.39720290|   39.6|  -42.9|  8| 10| 1.1| 1.1|1990.97|1989.99| 9|0.8|1.0|0.7|1.0| 9.443|0.020| 8.756|0.015|999|T|   429   |  1.29233139|  2.39730361|1.77|1.57|  7.9| 10.3| |-0.2
0001 00220 1| |  1.27507696|  0.73003904|    8.8|   -3.2| 35| 36| 1.6| 1.7|1979.20|1971.55| 4|0.7|0.7|0.6|0.7|12.395|0.200|10.905|0.070|999| |         |  1.27505694|  0.73005417|1.87|1.63| 45.1| 67.6| |-0.1
0001 00248 1| |  0.99307453|  2.38534865|    2.2|  -14.2| 24| 29| 1.5| 1.5|1984.75|1980.79| 6|0.9|0.8|0.9|0.9|11.920|0.121|10.072|0.039|999|T|         |  0.99306639|  2.38538000|1.79|1.54| 28.7| 40.7| |-0.3
0001 00251 1| |  0.00281010|  1.24730158|  -19.5|  -36.8| 40| 56| 1.7| 1.8|1974.09|1965.81| 4|1.5|0.3|1.6|0.3|12.014|0.126|11.529|0.124|999| |         |  0.00285833|  1.24737750|1.84|1.46|108.3|175.5| |-0.1
0001 00254 1| |  0.67056593|  2.00028159|    4.6|    0.0| 50| 41| 2.0| 2.0|1973.15|1973.92| 4|0.7|0.7|0.7|0.7|13.304|0.446|11.693|0.172|999| |         |  0.67057833|  2.00026833|1.77|1.55|108.1|149.3| |-0.1
0001 00263 1| |  0.14340957|  1.06621533|   10.2|    7.5|  9| 13| 0.8| 0.8|1988.83|1986.43|17|0.8|0.7|0.8|0.6|10.117|0.029| 9.032|0.018|999|T|    51   |  0.14338639|  1.06619750|1.86|1.61|  9.7| 15.0| |-0.1
0001 00269 1| |  2.20550871|  1.25424005|    8.5|   -7.4| 23| 24| 1.1| 1.1|1984.58|1981.92| 8|1.0|1.2|1.1|1.2|11.512|0.088| 9.749|0.032|999|T|         |  2.20548750|  1.25425167|1.76|1.56| 26.3| 30.0| |-0.2
0001 00286 1| |  0.52698834|  0.41534826|   45.9|    2.5| 10| 15| 1.1| 1.2|1990.26|1989.22| 9|0.8|0.7|0.8|0.7| 9.634|0.024| 9.167|0.020|999|T|         |  0.52688500|  0.41534278|1.88|1.62| 10.1| 14.8| |-0.1
0001 00293 1| |  2.36680804|  1.24404346|   25.9|    6.5|  5|  6| 1.1| 1.0|1991.37|1990.66|12|0.6|0.7|0.7|0.7| 8.844|0.018| 7.401|0.011|999|T|   769   |  2.36674861|  1.24402806|1.81|1.55|  5.1|  6.3| |-0.2
0001 00297 1| |  0.30288154|  2.43204011|   37.6|   15.6| 36| 38| 1.6| 1.6|1975.03|1972.08| 5|0.9|0.7|0.9|0.7|12.390|0.206|11.490|0.124|999| |         |  0.30278972|  2.43203250|1.80|1.54| 72.4|102.3| |-0.2
0001 00298 1| |  0.06452747|  1.20796663|   27.1|   -8.7| 39| 40| 1.7| 1.8|1975.92|1973.18| 4|1.1|0.2|1.1|0.2|12.553|0.236|12.171|0.219|999| |         |  0.06444028|  1.20799667|1.83|1.55| 79.0|128.8| |-0.1
0001 00307 1|X|            |            |       |       |   |   |    |    |       |       |  |   |   |   |   |13.414|0.396|11.974|0.194|999| |         |  1.39828528|  0.15581528|1.87|1.62| 89.6|137.6| |-0.2
0001 00322 1| |  1.59066136|  2.32638106|  -18.9|  -16.2| 28| 31| 1.6| 1.6|1985.58|1980.79| 4|0.3|0.4|0.3|0.4|11.296|0.061|10.846|0.064|999|T|         |  1.59070389|  2.32641694|1.76|1.64| 31.8| 44.6| |-0.2
0001 00324 1| |  0.53321293|  1.70622370|   14.5|   16.1| 45| 55| 1.9| 2.0|1974.33|1969.20| 4|1.0|0.5|1.1|0.4|12.596|0.265|12.319|0.250|999| |         |  0.53321056|  1.70617139|1.77|1.54| 98.2|136.1| |-0.2
0001 00329 1| |  1.42813551|  0.83927538|   -1.9|    1.4| 45| 62| 1.7| 1.8|1975.55|1965.93| 4|1.6|0.5|1.6|0.6|12.489|0.221|11.781|0.161|999| |         |  1.42813500|  0.83926306|1.84|1.61| 74.9|115.2| |-0.1
